0 0 0 0 0 0 0 0 0 0 0 0 0 0 0 0 0 0 0 0 0 0 0 0 0 0 0 0 0 0 0 0 0 0 0 0 0 0 0 0 0 0 0 0 0 0 0 0 0 0 0 0 0 0 0 0 0 0 0 0 0 0 0 0 0 0 0 0 0 0 0 0 0 0 0 0 0 0 0 0 0 0 0 0 0 0 0 0 0 0 0 0 0 0 0 0 0 0 0 0
3 4 6 3 5 7 4 2 3 5 3 6 1 3 6 7 4 6 6 8 3 6 2 5 5 9 7 2 8 5 4 4 6 5 3 6 3 5 4 6 8 3 4 3 9 2 0 4 3 8 4 4 6 5 4 4 4 4 6 2 6 3 7 8 4 9 7 5 4 8 4 4 5 4 3 5 2 4 4 4 2 10 11 6 5 2 8 6 9 4 9 1 3 6 3 6 2 3 8 6
11 8 10 4 6 10 10 8 7 10 7 9 4 6 16 10 9 14 10 13 7 10 9 9 10 9 15 7 12 8 9 10 8 10 8 13 6 9 9 7 14 5 4 8 15 11 4 6 8 12 8 6 9 13 7 9 12 9 12 6 11 5 12 12 6 19 10 9 10 11 6 9 11 6 8 12 3 7 9 11 5 17 14 10 12 3 13 14 14 12 11 3 11 15 7 10 11 8 16 8
14 18 16 8 13 16 17 12 13 13 13 9 8 10 27 17 11 18 13 18 13 16 10 14 14 15 17 11 17 11 16 13 11 16 11 15 10 11 17 11 20 9 10 14 17 12 9 9 12 16 11 8 16 20 10 10 14 10 20 12 16 10 16 15 9 24 15 11 12 19 10 15 16 10 14 16 7 10 16 16 9 20 17 13 13 5 21 23 19 17 13 9 15 17 12 15 20 14 21 12
18 20 24 14 17 17 21 20 15 15 15 14 11 16 30 24 13 22 16 25 18 19 16 19 19 20 26 19 22 14 22 15 14 20 12 19 12 21 20 16 24 14 11 17 23 14 15 11 17 20 16 15 18 23 14 15 18 14 21 15 23 15 19 18 10 28 23 15 20 27 14 21 17 13 18 18 15 12 19 17 14 22 23 16 18 12 23 24 26 19 17 18 19 21 15 20 26 21 26 15
21 26 27 16 23 25 22 23 20 21 21 23 12 20 33 25 15 25 22 26 23 24 19 23 21 26 28 23 25 18 27 17 20 23 15 22 15 24 22 19 25 17 19 19 29 18 20 16 23 24 16 21 24 27 17 17 21 18 25 18 25 17 24 22 13 34 28 18 23 33 19 26 20 16 22 21 19 18 25 22 17 27 27 19 20 19 25 28 33 29 21 22 25 26 17 26 28 22 29 17
23 30 30 20 26 26 29 27 25 22 24 28 15 24 41 30 19 27 28 32 28 25 23 28 23 31 33 28 28 19 31 20 24 27 17 24 17 27 28 21 35 24 21 23 34 24 31 19 29 30 23 25 28 31 19 22 23 23 33 20 29 18 32 29 18 37 34 21 28 35 22 29 24 19 28 22 26 23 30 25 20 32 31 25 26 21 32 31 41 31 27 27 29 32 18 31 32 28 35 22
26 34 32 27 29 29 35 34 29 28 28 32 18 28 46 32 26 30 35 36 31 30 26 30 26 38 40 29 30 25 32 27 27 30 26 28 20 31 32 26 39 28 27 33 39 26 35 21 39 37 31 29 29 35 23 27 30 28 37 23 34 23 36 32 26 42 37 25 31 38 28 32 29 24 31 26 27 29 33 25 28 36 34 28 28 27 34 35 44 37 29 31 34 40 23 35 38 33 39 26
31 41 35 33 32 37 39 38 37 30 35 34 22 33 47 36 29 33 40 42 35 35 28 32 29 44 45 34 35 30 38 30 31 33 30 29 26 34 35 27 46 32 31 36 45 28 38 26 40 38 37 38 32 36 31 31 36 31 42 27 40 27 41 35 28 44 37 32 34 39 32 34 30 29 39 28 33 36 39 31 33 42 38 32 32 33 41 41 46 41 35 34 35 40 27 37 41 38 42 32
33 45 40 36 36 42 41 43 40 39 38 38 26 37 49 38 37 35 43 46 37 37 31 34 33 49 45 38 40 37 42 34 37 36 35 33 28 40 38 31 52 37 34 41 45 32 41 30 44 43 39 42 32 40 35 41 43 35 46 31 48 31 44 40 34 50 39 39 39 45 35 37 33 34 44 33 40 39 41 33 37 46 41 36 38 39 43 47 49 42 40 36 39 51 31 38 45 43 46 39
40 50 44 41 41 47 42 46 44 43 43 41 32 38 54 46 39 37 45 49 42 42 35 40 35 55 49 43 42 40 45 41 40 40 37 39 32 42 42 37 53 44 38 46 48 34 47 38 49 45 43 49 33 45 41 47 45 38 49 32 52 35 47 42 37 54 45 43 45 49 41 39 41 37 51 41 45 41 46 40 41 47 44 40 41 45 47 51 54 47 43 40 42 55 36 44 48 47 49 47
41 53 48 48 48 51 44 49 47 50 45 44 36 41 57 47 42 40 48 54 45 45 36 43 37 57 56 47 44 43 47 44 47 42 43 43 34 43 48 45 59 47 41 48 52 38 52 45 53 50 46 54 38 52 42 53 47 42 52 37 52 38 50 47 43 59 53 45 48 55 43 42 42 37 58 43 46 45 50 44 45 56 47 47 46 47 49 53 55 48 46 43 45 63 43 50 49 53 53 48
43 57 52 50 53 55 45 55 52 53 47 46 41 44 57 48 42 41 50 55 48 49 38 50 41 60 61 50 47 45 54 47 48 45 43 43 43 46 50 49 64 49 46 53 53 43 56 47 54 51 51 56 44 57 45 57 55 44 53 40 56 47 51 49 45 63 55 51 53 57 50 47 46 40 59 46 47 52 53 46 47 59 49 50 48 52 53 54 57 52 52 48 48 70 51 55 51 55 57 50
47 59 56 52 55 55 49 59 55 62 51 51 44 48 62 52 47 45 52 57 51 50 38 55 46 64 65 54 55 48 55 50 51 51 46 49 49 50 52 51 66 57 49 55 58 46 59 51 57 55 52 60 47 58 53 57 56 48 61 45 61 50 53 52 47 66 58 56 55 59 55 48 51 43 67 50 51 53 56 51 51 60 53 52 51 58 57 54 65 56 52 57 52 71 56 58 57 59 58 52
49 62 61 53 60 63 50 60 60 63 57 53 46 49 67 55 50 50 55 59 59 58 39 56 49 66 68 56 56 50 57 53 58 54 50 53 53 53 54 55 69 59 53 56 62 51 60 54 62 57 61 64 55 60 59 64 60 52 64 48 64 53 61 57 48 69 61 59 59 62 64 50 54 49 71 54 58 59 59 53 55 64 54 57 58 62 60 56 68 60 54 59 54 73 60 62 60 61 60 54
54 64 62 54 63 66 53 67 62 67 63 60 47 55 68 57 52 51 62 61 63 61 44 57 53 67 72 58 63 55 62 57 62 58 57 54 59 56 59 60 71 64 56 61 65 53 60 58 64 59 65 66 57 63 66 70 61 54 68 52 67 58 62 60 53 74 65 63 59 68 66 55 56 53 76 57 61 64 63 64 59 67 55 59 59 63 64 57 71 62 57 61 59 77 65 67 62 64 64 57
60 66 68 56 65 69 56 71 68 69 65 64 49 56 74 59 54 54 67 62 68 62 48 59 61 71 76 61 67 59 66 60 67 66 61 55 61 61 64 63 73 67 58 64 67 54 64 59 67 63 67 72 59 66 70 74 63 58 70 57 69 61 63 61 59 77 66 64 63 71 70 57 57 57 77 60 62 65 65 67 64 70 57 61 65 67 67 59 75 67 64 62 63 83 66 73 64 68 67 60
63 69 72 60 66 72 59 71 76 71 68 67 56 59 77 65 57 60 74 65 73 69 53 61 66 75 79 62 69 66 69 63 72 69 66 59 64 62 67 68 79 69 63 67 74 55 65 61 70 66 73 75 61 72 73 74 67 61 73 62 75 65 66 64 62 87 70 65 69 74 72 66 63 59 81 63 64 68 68 69 69 76 58 66 68 70 70 62 77 70 68 62 64 85 67 75 67 72 69 65
63 72 72 64 69 75 61 74 79 77 73 72 60 63 78 69 61 67 79 66 74 75 58 62 68 77 83 65 77 68 71 66 73 71 70 60 71 67 70 70 81 75 68 74 74 57 66 63 75 67 76 75 65 73 74 79 68 66 78 66 77 69 68 66 64 91 72 67 73 76 75 69 65 63 85 65 67 70 72 74 73 82 65 69 72 72 73 66 79 74 70 64 68 88 68 81 70 75 73 70
68 76 75 67 73 79 64 80 81 79 77 77 65 63 81 73 68 73 79 74 78 76 60 67 72 83 84 69 83 72 74 69 77 72 73 66 76 70 72 75 84 78 71 78 76 60 71 64 79 69 79 78 67 75 75 81 75 73 84 66 79 72 68 68 67 93 75 71 75 79 78 74 70 64 90 70 74 73 79 76 74 84 67 73 75 74 80 69 82 78 74 67 71 90 69 84 75 79 78 74
70 81 79 67 75 80 66 83 84 83 80 79 68 67 85 75 69 74 81 78 80 81 62 71 74 85 88 71 84 73 76 70 80 74 79 71 79 73 79 77 86 81 74 83 81 60 75 68 79 71 80 80 71 76 77 85 78 75 86 70 83 75 70 71 70 98 77 71 78 82 78 75 71 67 97 73 76 75 80 80 77 88 72 73 76 74 80 71 87 82 79 68 72 95 74 87 79 80 80 76
73 82 81 70 81 87 70 86 88 88 83 82 69 69 86 77 70 79 83 79 83 86 64 73 76 86 93 74 87 76 79 70 81 77 80 76 79 75 81 82 89 83 78 84 84 64 80 69 82 74 83 81 71 84 79 87 81 78 89 72 85 78 74 74 73 99 78 74 81 84 83 78 75 68 99 77 79 79 83 84 80 89 77 78 78 75 85 74 90 87 81 69 78 99 79 88 84 81 80 78
75 85 83 76 87 90 75 91 93 89 85 84 73 73 88 80 71 85 86 80 87 87 66 74 79 88 95 79 92 80 80 70 85 79 82 84 86 79 86 83 92 85 80 85 85 66 82 72 83 80 85 81 74 89 80 93 84 81 92 72 89 83 75 78 78 101 80 77 84 84 87 78 77 72 105 80 83 81 86 93 83 93 80 84 80 77 90 75 92 93 84 71 81 102 82 91 86 83 84 80
78 87 86 79 91 92 77 92 97 93 87 89 75 78 91 83 76 86 90 80 89 90 71 77 83 93 97 81 94 82 84 73 85 82 85 87 88 83 89 85 95 88 83 86 88 69 83 74 86 85 86 85 74 92 81 94 86 85 95 79 91 88 77 79 80 103 84 83 89 86 90 78 79 73 106 81 85 83 88 95 83 94 81 86 85 80 91 81 96 96 86 74 85 108 87 93 86 85 85 82
83 89 87 80 95 93 79 93 101 95 90 91 80 81 94 89 78 88 93 82 90 90 74 78 84 95 97 82 96 83 85 76 91 82 89 89 89 84 90 89 96 91 90 87 91 71 88 77 90 89 87 87 77 95 82 99 88 87 100 82 93 91 81 81 82 106 88 87 90 89 95 80 81 75 108 85 90 85 91 101 88 95 82 88 88 84 94 83 98 100 89 77 90 112 90 96 90 85 89 82
84 91 89 84 97 99 83 96 104 96 94 96 80 88 96 92 80 92 98 90 96 91 76 83 85 101 99 85 99 88 87 77 94 84 94 91 95 84 92 93 98 94 92 92 94 81 90 78 90 91 95 88 77 96 83 100 91 91 100 82 97 99 83 85 83 110 92 89 92 95 97 81 84 80 110 88 93 85 93 106 88 96 83 90 89 85 96 84 100 100 91 80 92 115 93 99 91 91 95 84
85 95 90 89 99 100 84 96 104 100 95 100 83 92 99 97 82 95 100 91 101 94 79 87 90 103 101 89 102 89 89 80 95 90 99 92 95 86 97 94 100 97 93 93 96 84 95 84 94 95 99 88 80 97 85 102 95 94 100 84 99 103 83 88 85 114 95 91 96 99 102 83 87 82 112 92 95 87 94 110 88 100 87 92 90 87 100 85 100 102 97 83 95 119 94 106 92 94 96 87
86 95 90 90 101 103 87 100 104 102 98 104 85 94 100 99 83 101 105 94 101 96 79 90 93 108 104 89 103 93 89 84 98 93 102 99 99 88 99 95 103 102 100 95 99 85 97 89 98 97 103 90 83 102 86 104 97 96 107 86 104 105 88 90 88 120 98 93 101 103 103 86 89 86 113 93 98 93 95 114 93 104 89 94 90 90 100 86 103 104 100 86 99 121 95 107 93 95 100 91
88 96 93 93 103 106 91 102 106 103 104 104 88 95 102 103 87 104 107 98 103 97 82 92 96 112 107 93 105 95 93 88 102 96 103 106 102 92 102 97 109 104 101 95 99 89 101 90 104 99 108 94 84 105 88 104 99 99 112 89 107 107 92 92 90 122 99 97 104 106 106 88 90 88 116 97 101 95 96 118 97 105 91 96 91 91 103 91 105 107 103 91 103 123 97 109 93 98 103 94
90 100 96 96 105 109 91 106 109 104 104 108 91 97 106 105 91 108 110 100 107 99 84 92 99 113 110 95 111 97 94 91 105 98 108 108 105 95 104 99 110 106 103 101 102 92 104 96 108 101 112 99 90 109 90 107 102 101 113 90 111 110 95 92 91 125 103 101 106 109 109 91 92 93 118 98 104 95 99 120 99 106 93 97 93 93 104 94 107 110 104 93 106 124 97 109 95 99 103 96
93 103 99 98 112 111 92 108 112 106 107 111 95 97 111 108 96 111 113 104 108 101 87 92 100 115 113 95 114 99 101 97 106 101 111 108 108 97 107 102 112 109 105 101 104 98 111 99 110 104 116 100 92 110 97 107 107 103 117 96 112 112 95 97 93 129 103 104 108 109 113 93 95 97 121 98 108 100 100 123 103 107 95 100 97 95 104 98 107 112 106 97 109 124 101 111 97 101 103 98
97 104 102 98 113 113 95 112 113 110 110 111 103 100 114 110 100 114 117 106 112 104 89 99 103 117 117 98 119 102 103 98 108 103 112 112 112 98 107 103 116 111 112 102 104 100 113 100 112 109 117 101 95 113 98 110 108 105 120 100 116 113 96 98 95 131 105 104 113 110 114 95 97 103 122 101 111 103 104 126 108 109 100 101 100 99 108 105 109 114 112 99 110 124 104 113 99 104 106 107
99 105 104 103 118 116 96 112 114 111 112 112 106 104 115 110 103 116 118 112 113 106 90 99 104 118 119 101 122 105 104 100 112 105 114 113 113 100 108 105 117 111 112 104 106 105 117 100 114 110 123 104 97 118 100 111 110 109 121 101 118 117 98 100 101 133 107 107 115 114 118 98 98 103 126 105 114 106 108 129 111 114 103 104 105 100 112 107 112 115 113 105 113 126 108 118 102 105 108 109
99 105 105 105 119 116 99 117 115 114 113 114 109 107 116 110 104 117 121 114 117 108 93 102 108 121 121 102 125 108 107 102 117 112 115 115 118 101 108 109 119 113 112 109 111 106 121 101 117 112 127 106 101 120 102 113 111 111 123 102 118 120 100 102 106 134 109 111 118 114 123 103 103 106 128 107 116 108 111 131 114 116 107 107 108 104 115 108 118 118 117 106 116 126 111 120 102 107 113 110
103 109 107 106 120 119 99 121 116 114 116 114 112 110 117 112 105 120 122 116 122 110 95 106 112 124 123 104 127 110 111 105 121 113 119 115 121 103 111 111 122 117 112 112 112 107 122 103 120 114 128 107 104 121 105 118 113 114 123 102 121 125 102 105 109 138 112 115 120 120 126 108 106 106 128 109 118 112 115 133 116 118 108 110 112 105 119 112 121 120 117 108 117 126 115 120 106 110 114 112
105 111 112 109 120 120 101 126 118 117 118 116 112 111 118 114 107 122 124 120 123 114 99 108 113 127 130 105 129 112 112 105 124 117 123 119 124 105 113 115 123 119 112 113 116 113 126 104 121 116 129 110 104 124 107 121 116 117 125 103 121 131 105 106 113 139 114 118 125 122 128 110 110 109 129 110 120 114 116 136 119 118 108 112 113 108 122 115 122 120 120 110 124 129 117 124 106 111 118 114
107 113 115 110 124 123 101 127 121 119 119 118 118 113 120 114 109 124 124 121 126 115 101 111 113 133 135 108 131 115 112 107 125 117 124 121 124 105 114 117 125 121 113 114 117 115 128 106 123 119 129 112 108 127 109 124 119 122 128 108 123 131 111 109 115 139 117 119 128 123 129 113 110 112 130 114 123 114 118 139 122 121 111 114 114 109 129 117 122 122 122 111 127 130 119 126 109 112 118 116
109 116 119 113 126 125 104 128 122 120 123 123 119 115 125 117 111 124 125 121 126 122 104 114 116 134 135 113 134 115 114 108 131 120 126 124 127 108 115 120 126 123 115 117 117 119 133 108 126 120 132 116 109 128 112 128 122 125 129 113 125 134 113 110 117 141 123 122 130 125 132 114 115 116 130 115 125 114 120 141 127 122 113 115 115 112 131 119 125 124 124 114 129 133 121 126 111 115 120 117
110 116 120 115 130 128 106 131 125 122 127 124 119 117 127 118 113 125 125 123 128 123 105 114 120 136 139 113 137 117 116 114 133 123 129 125 127 110 118 122 128 125 119 121 119 122 136 110 128 123 135 123 111 130 114 133 127 131 133 116 128 137 114 118 118 142 125 124 132 129 134 116 118 118 135 115 126 116 123 141 129 123 115 118 118 114 132 121 129 128 127 114 131 134 125 129 113 118 122 120
110 120 124 118 130 128 107 133 126 126 128 125 122 120 127 118 118 126 126 123 130 124 105 114 121 140 142 114 140 119 116 115 135 125 132 127 131 115 123 124 129 126 122 128 120 126 140 111 130 126 137 126 115 131 115 136 129 133 135 122 128 140 116 123 118 144 129 126 137 133 135 122 121 119 136 119 128 117 125 142 131 126 117 121 120 115 133 122 130 134 128 115 131 137 126 129 113 121 125 123
112 120 125 120 132 130 110 135 128 127 128 125 122 121 130 121 121 127 128 126 132 125 106 116 121 141 142 115 142 121 118 119 136 126 136 129 133 116 123 125 129 127 126 130 124 127 142 114 131 129 138 129 118 133 118 138 130 134 136 124 130 141 119 126 121 147 129 129 142 135 138 123 123 121 138 123 128 119 128 147 133 130 121 125 121 116 134 124 133 135 129 116 133 138 126 129 114 127 126 125
117 121 126 122 136 131 114 136 129 130 129 128 124 122 133 126 121 129 129 127 134 127 111 121 122 143 144 120 144 122 121 121 137 130 137 129 133 117 124 125 131 128 129 131 126 128 142 119 134 129 139 131 121 136 122 141 132 140 138 126 134 142 121 129 122 149 131 131 145 135 141 126 125 124 138 124 130 123 130 149 136 134 123 129 122 120 137 127 134 137 130 118 133 142 127 132 117 130 130 129
119 122 128 126 137 134 117 137 133 131 132 130 127 124 137 126 124 131 131 129 135 129 114 123 125 144 148 120 146 122 124 123 141 132 138 131 133 119 125 126 132 128 130 135 127 129 145 121 136 129 140 132 126 136 125 143 132 144 139 129 137 147 123 132 123 150 131 135 146 136 145 127 128 126 140 125 133 125 132 152 138 137 124 132 125 121 137 132 135 138 132 123 135 145 127 133 121 133 130 130
121 123 132 128 142 137 117 140 134 132 132 133 132 124 140 129 126 133 135 129 136 132 115 124 126 146 150 123 147 123 128 124 141 132 139 133 136 120 127 130 133 128 133 137 130 131 146 122 137 134 142 136 128 140 129 145 133 146 141 131 139 148 127 132 127 153 132 137 149 138 148 128 130 128 141 128 136 131 132 153 143 138 126 136 126 124 141 135 138 140 134 123 135 145 129 134 124 134 132 131
122 126 135 131 147 139 117 142 135 133 133 138 136 127 144 134 132 136 136 135 138 135 115 124 127 147 153 127 150 124 131 126 141 133 143 137 137 124 128 132 137 132 134 138 132 133 148 124 142 136 146 138 131 143 130 146 135 151 142 131 141 148 127 135 128 155 136 142 151 140 152 131 132 131 142 130 137 133 136 155 145 140 127 139 128 130 143 138 139 144 135 125 138 148 131 136 127 138 136 135
123 126 136 133 149 142 120 145 139 134 133 138 138 133 146 138 133 137 138 136 138 135 115 125 130 147 153 131 152 125 133 131 145 135 144 139 140 126 129 133 137 134 137 139 134 135 148 126 142 137 148 138 136 145 133 147 137 152 146 135 142 152 128 140 128 155 138 148 152 144 154 132 134 133 144 131 140 135 137 159 147 143 131 140 129 132 145 141 139 145 138 126 139 151 131 138 129 139 137 135
124 129 136 133 152 145 124 147 142 138 137 140 139 136 146 141 134 138 139 137 141 136 117 129 132 151 155 135 154 129 135 138 148 137 144 142 143 130 132 137 138 135 140 140 135 137 149 128 142 137 152 138 138 147 133 150 138 153 146 139 144 154 130 141 131 158 142 148 155 144 155 134 136 136 145 133 140 138 139 160 149 143 135 142 131 134 146 142 141 145 139 129 140 153 131 142 133 140 139 140
127 133 136 136 153 146 125 149 145 139 140 140 144 137 148 144 135 142 140 137 144 139 118 131 137 153 159 136 155 130 136 143 150 138 145 143 144 134 132 138 139 137 144 141 137 141 150 132 145 137 155 139 139 149 133 150 139 154 147 140 145 158 132 142 134 159 147 149 161 146 156 138 139 137 145 135 140 144 140 162 153 145 136 144 134 134 148 143 149 147 141 132 144 157 132 145 133 143 141 142
128 136 137 139 155 150 127 154 145 140 142 142 148 141 151 146 139 142 142 141 147 140 121 133 140 158 162 138 155 131 137 147 152 139 148 143 145 138 135 139 142 138 148 141 139 142 154 133 145 140 155 141 140 152 135 153 142 155 152 141 145 160 133 146 135 162 149 150 165 149 156 143 141 141 147 137 141 146 142 163 155 147 137 146 138 135 152 144 150 150 143 133 145 160 133 146 135 145 147 143
130 136 137 144 156 152 129 155 146 140 144 143 148 141 154 147 144 142 142 143 148 141 124 135 144 159 163 140 159 133 141 149 157 140 152 143 146 139 138 141 143 140 149 146 142 144 156 136 147 146 156 144 142 155 139 156 144 157 154 145 146 163 136 147 138 163 152 153 165 150 158 146 142 142 147 142 143 147 146 164 159 153 137 147 144 137 153 145 150 152 147 135 147 163 134 147 136 148 147 147
131 137 142 147 157 154 132 155 146 145 146 146 148 142 156 150 145 145 144 143 149 142 126 135 145 161 165 143 162 134 143 152 160 145 154 143 150 143 139 143 143 141 150 150 145 146 157 142 147 151 158 145 145 155 139 156 144 159 156 147 147 165 139 148 140 165 153 154 167 151 159 146 142 142 149 144 144 150 148 166 161 153 137 150 150 138 155 147 153 154 148 135 148 163 137 148 139 151 148 148
